   2.0000000e+00  -4.2773827e-01  -1.9399443e-01   3.7192854e-01   9.8228740e-02  -2.7867173e-01  -1.1237162e+00   7.7840397e-01   2.7691768e+00  -1.4158407e-01  -2.4458744e+00
   2.0000000e+00   7.4108007e-01  -2.9129827e-01  -7.1056624e-01  -8.2624183e-01  -2.3481060e+00  -1.2359417e+00   1.9070093e+00  -5.5742700e-01   1.3587366e+00  -9.3727400e-01
   2.0000000e+00  -5.0653969e-01  -1.5167378e+00  -9.5794936e-02   2.3709960e-01   1.7621630e+00   1.0604216e-01   1.0221020e-01   2.3121196e-01   1.5965216e-01   5.4711305e-01
   2.0000000e+00   1.7745643e+00   7.9548857e-01  -5.5625970e-01   4.0745860e-01   8.6479446e-01  -1.3492693e+00   5.4911498e-01  -3.0714473e-01   2.1655251e+00  -2.8820619e-01
   2.0000000e+00   9.7883549e-01   1.3311683e+00   4.5599521e-01   3.6620622e-01   7.7836978e-01  -2.0818094e-01  -6.4782743e-01  -5.9421926e-01  -1.8144642e+00  -2.0023819e+00
   1.0000000e+00  -2.0510040e-01   6.7170670e-01   1.8368762e-01   7.4681362e-01  -1.0906531e+00  -6.3905426e-01   1.6071120e+00   1.0997306e+00  -1.8007818e+00   2.9479448e-01
   2.0000000e+00   7.0289154e-01   1.1308126e+00  -6.7835640e-01  -1.2723719e+00  -1.0362213e+00   1.0842957e+00   1.2255933e+00   3.3610813e-01   1.3242235e-01  -7.0207296e-01
   2.0000000e+00  -4.1605109e-01   1.0550317e+00  -1.7432394e-01  -5.1375720e-01  -1.3210384e+00   2.7516810e-01   5.4753708e-01  -6.6045906e-02   5.7985704e-01  -1.6934463e-01
   2.0000000e+00  -1.6774425e+00   1.2523528e+00  -6.2796205e-01   5.9443341e-01   1.9127609e-01   5.0200276e-01  -9.0239847e-01  -3.3157875e-02   1.9551010e+00  -2.1913879e+00
   2.0000000e+00  -3.7121370e-01   1.4923390e+00   2.9125978e-01   4.4063851e-02   1.8725593e+00   1.5066717e+00  -7.0288473e-01   4.8799001e-02  -9.4925602e-01  -1.4417873e+00
   2.0000000e+00   9.9691217e-01  -4.1410863e-01   1.2192968e+00   9.6869212e-01  -2.1108798e-01  -6.3624987e-01  -2.6013133e-01   1.0352403e+00  -5.5498436e-01  -3.5349628e-01
   2.0000000e+00  -3.4784459e-01  -1.2792523e+00  -5.7345876e-02  -9.1862965e-01   3.4249453e-02   6.8456631e-01   1.3933121e-01   3.3081614e-01   5.3702226e-01  -8.5141134e-01
   2.0000000e+00   2.7778221e-01   4.7662533e-01  -7.2903898e-02  -1.1806683e-01   8.0863483e-01  -5.1212967e-01   1.0307679e+00  -6.6989815e-01  -7.9750885e-01  -1.5405039e-01
   2.0000000e+00  -1.0970681e+00  -2.2790311e-01   1.1464555e+00  -9.7785474e-01   1.0033441e-03   9.9614726e-01  -6.3751259e-01  -8.5830989e-01  -2.1031394e-01  -1.4589779e+00
   2.0000000e+00   9.0408771e-01  -1.4844481e-03  -5.7406965e-01   4.5783919e-01  -6.8471628e-01  -1.3209245e+00  -9.2472882e-01  -9.0742381e-01  -4.4399020e-03  -1.5317097e-01
   2.0000000e+00  -2.5697553e-01  -1.6435593e+00  -7.1482798e-01  -4.8621140e-02   3.2073685e-01  -1.1564518e+00   2.3881141e+00   5.8235384e-01  -1.2567188e-01   6.6356065e-01
   2.0000000e+00  -4.6976763e-01  -2.1693423e+00   2.3236362e-02   1.1848867e-01  -1.2806853e+00   5.5652120e-03   2.2681531e-01  -4.4722639e-01  -7.4072575e-01  -1.1270784e+00
   2.0000000e+00  -3.7267991e-01   5.9132027e-01   1.6236114e-01   1.4712057e+00   4.2208894e-01   5.8552560e-01   5.3169324e-01  -1.2068128e-01   1.1891090e+00   1.1137526e+00
   1.0000000e+00  -4.1620381e-01   8.0099429e-01   5.5701695e-01   1.3562541e-01   2.9000559e-01  -3.6781070e-03   1.4468456e+00  -2.0293734e+00   5.2665333e-01  -7.0509843e-01
   2.0000000e+00   2.0935829e+00   4.2803701e-01  -1.3663837e+00   6.8285108e-01  -3.0256528e-01   1.8661877e-02  -7.5818856e-01  -5.0553823e-01  -6.5904062e-02   1.2568524e+00
   2.0000000e+00  -3.7613507e-01  -4.1223482e-01  -1.7732059e+00  -7.2726469e-01  -2.8611198e-02  -2.3639821e+00   3.8879137e-01   7.4010088e-01   1.3132107e-01   5.7627440e-01
   2.0000000e+00  -1.2156588e-01  -1.3160826e+00   3.9444614e-01   6.1348053e-01   1.3827998e+00  -8.4558994e-02   1.8354732e+00  -1.5612859e-01   4.6140240e-01   1.8773738e+00
   2.0000000e+00  -6.7266231e-01   2.0399219e+00  -9.2755089e-01   2.2898736e+00   2.1823158e+00   5.2868547e-01   1.9606310e-01   1.3985624e+00   9.2582827e-01   3.0267674e-02
   2.0000000e+00  -8.9695567e-01   2.5419171e-01  -5.8362782e-01   2.4324500e-01   9.7442704e-01   1.3574310e+00   5.3728751e-01   5.3581214e-01  -5.2541121e-01  -3.9158545e-01
   2.0000000e+00  -8.4136405e-01   1.2686533e+00  -3.1289000e-01   1.8176670e-01   1.1538638e+00  -1.8933917e+00   1.2580920e+00   1.9993726e+00  -2.2112671e-01   1.3408907e+00
   2.0000000e+00   4.2189541e-01  -1.8063710e+00   1.4792780e+00  -5.0502845e-01   1.4695471e+00  -8.1401945e-02   1.0691506e+00   1.0399165e+00   4.5789006e-01  -2.2862328e+00
   2.0000000e+00   2.8753419e-01  -1.0110972e+00   1.1934502e+00   5.6403743e-02   3.6306487e-01   1.9059676e-01   6.2312128e-01  -1.6980551e+00  -2.7819327e-02  -3.3189962e-01
   2.0000000e+00  -7.7231145e-01  -1.4258685e+00  -8.9504783e-01  -1.2382776e-01  -1.0492651e+00   7.5149100e-02   1.2953381e+00  -2.7226269e+00   3.3430189e-01  -8.4683869e-01
   2.0000000e+00  -1.1563320e+00   2.0590397e-01  -7.9087307e-01  -8.7152839e-01   4.7551721e-01   2.7190064e-01   6.4939594e-01  -5.1553324e-01  -2.8225404e+00  -5.3369205e-01
   2.0000000e+00  -8.2537218e-01   1.2777769e-01  -1.3602624e+00   1.6789751e+00   2.0098877e+00   8.3338539e-01   4.8460945e-01   1.3206114e+00  -3.9804737e-01   3.9504454e-02
   2.0000000e+00   7.6412604e-02   1.7613848e-01  -4.5641520e-01  -1.8327715e+00  -2.2494161e-01   1.1137273e+00   2.6838563e+00   2.1602548e+00  -8.6582945e-01   7.3811984e-01
   2.0000000e+00  -8.6216286e-01  -2.1394134e-01  -4.3751014e-01   1.3058727e+00  -7.2455693e-01   1.2738747e+00  -1.2697364e+00   1.6958078e+00   2.0304392e+00   1.4969226e+00
   2.0000000e+00  -4.6463087e-01  -1.5784643e+00  -1.4496116e+00  -1.0095924e+00   7.8962430e-01  -6.8107887e-01  -9.4531908e-01  -2.2141156e-01  -1.6567980e-01   1.7440106e+00
   2.0000000e+00  -6.0617430e-01   5.1068873e-01  -9.0616721e-01  -8.6859623e-01  -1.8424975e+00   1.5887175e+00  -2.1125574e+00  -7.4966001e-01  -1.0923275e+00  -3.6035466e-01
   1.0000000e+00   2.0460333e-01  -1.1558819e+00   2.1069175e-03   1.3813936e+00  -9.6380533e-01  -3.0868751e-01   4.8708537e-01   7.7824964e-01  -1.0572962e+00  -7.0184043e-01
   2.0000000e+00  -1.2927134e+00   2.7517605e+00  -2.9264150e+00  -2.0398069e-01  -2.9013930e+00  -1.5468027e-01  -1.4693125e+00  -7.5997059e-01  -1.4834638e+00  -3.2814666e-01
   2.0000000e+00   1.4495775e+00  -2.8050366e-01  -8.6797375e-01  -1.5977752e-01   9.3504592e-01   8.1443038e-01  -3.1729622e-01  -1.1139273e-01   6.4991750e-01  -9.1433991e-01
   2.0000000e+00   6.9369989e-02   7.5562335e-01  -9.7874896e-01  -5.0660258e-01  -7.9364179e-01   1.2033673e+00  -8.4196542e-01  -1.1103510e+00  -8.3684432e-01   4.8209294e-01
   2.0000000e+00   9.1772676e-01   1.0876172e+00   3.4860005e-01  -6.5172016e-02   3.6769571e-01  -1.4912420e+00  -8.3128428e-01  -6.0451081e-01  -2.5138254e-01   1.3761543e+00
   2.0000000e+00  -5.7930765e-01  -5.4635308e-01  -1.6642542e+00   2.7556637e-01   5.6285661e-01  -1.4473115e+00  -3.6301191e-01  -2.3929857e+00   1.1050471e+00  -3.7267564e-02
   2.0000000e+00   6.9696549e-01  -1.0178204e+00  -7.7223180e-01  -1.0657131e+00   3.7277569e-03  -3.6894788e-01   4.4583231e-01  -8.2583787e-02  -1.0635294e+00   5.4366731e-01
   2.0000000e+00  -2.1698165e-01   1.5555459e+00   7.7979966e-01   1.9099116e-01  -4.9538917e-01   4.4659180e-01   4.7479350e-01   2.5453829e-01  -4.5380193e-01  -1.1502549e+00
   2.0000000e+00   1.3246766e+00   5.4510882e-01  -1.1914442e+00   3.3794701e-01   1.0792860e+00   8.5073637e-01  -1.3719239e-01  -8.6929947e-02   6.8226196e-01   2.0973825e+00
   2.0000000e+00  -1.3336292e+00   1.2983695e+00   1.2023586e+00  -8.5434004e-01   1.0009343e+00  -9.7391916e-01   3.5159698e-02   5.2804383e-01   8.0075666e-02   1.4968409e-01
   2.0000000e+00   1.1323018e+00  -3.0131156e-01  -8.3538387e-01  -1.3349235e+00  -3.8838860e-01  -1.5680973e+00   1.1795429e+00  -2.0017761e+00   9.8194699e-02   4.9092368e-01
   1.0000000e+00  -3.9627590e-01  -6.5894862e-01   4.1122618e-02  -1.5843016e+00  -9.5087003e-01  -1.2396855e+00  -4.8184879e-01   2.0869325e-01   2.2446614e+00   5.3550904e-01
   2.0000000e+00  -6.4029621e-01  -2.5978483e-01  -4.5319702e-01   2.2730352e+00   2.2395849e-01  -1.3128169e-01   2.2758057e-01   7.6200303e-01   1.0549527e+00  -9.1597457e-01
   2.0000000e+00   9.2500571e-02  -1.4261670e+00  -7.3225337e-01  -7.0563047e-01  -1.8283084e-01   7.2139438e-01   7.4106316e-01  -5.3380146e-02  -1.5873612e+00  -2.0576658e-01
   2.0000000e+00  -5.4099695e-01  -1.0564095e+00  -4.7136570e-01   1.1457272e+00   6.7709132e-01  -1.1406079e+00   9.7593861e-01   6.2038727e-01  -1.5497099e+00  -8.2920101e-01
   2.0000000e+00   7.8138333e-01  -9.5681754e-02  -9.5742754e-01  -9.5769134e-02  -2.1969505e+00  -7.4486283e-01   1.2375227e+00   1.4830634e+00   7.5754041e-01  -9.8773361e-01
   2.0000000e+00   8.7617041e-01  -1.2046864e+00  -7.3500664e-01  -6.7078456e-01   8.9196697e-01  -5.4386585e-01  -1.2870308e-01   1.1408864e+00   8.9635354e-01   2.7766494e-01
   1.0000000e+00   1.6273575e+00  -6.7358297e-01   1.0938006e-01   2.6793419e-01  -3.8121359e-01   1.1407552e+00  -1.2757186e+00  -1.0647252e+00   5.4670888e-01  -3.8755035e-01
   1.0000000e+00  -7.9780404e-01  -1.1574767e+00   6.7886666e-01   2.3123158e-01  -2.9532467e+00   7.0731535e-01   9.9184999e-01  -1.0524224e+00   3.1310840e-01   3.9398350e-01
   2.0000000e+00  -5.2593569e-01   8.1999404e-01  -1.1984864e+00  -3.1687768e-01   1.1327286e-01   1.0711730e+00  -8.1747666e-01  -8.0309721e-01  -4.2707419e-01  -1.8493022e+00
   2.0000000e+00   1.4138771e-01  -2.5255458e+00  -7.6583238e-03   1.8548275e+00  -6.0825996e-01   4.7092474e-01  -7.4278632e-01   1.8255526e-01   5.5315880e-02   8.6405584e-01
   2.0000000e+00   5.0060567e-01  -4.4548326e-01  -6.0607636e-01   1.9020198e-01   4.0096298e-01  -4.6360498e-01   7.7124775e-02   1.2980887e-01   1.5275318e+00  -2.1776785e+00
   2.0000000e+00   8.8960180e-01   2.6952879e-01   1.0402288e+00  -1.7703534e+00   4.7452816e-01   7.5722012e-01  -9.9228636e-01   5.0483097e-01  -1.0643636e+00   1.8834820e+00
   2.0000000e+00  -1.2301456e+00  -4.0552183e-01  -9.9797338e-01   1.7299044e+00  -3.0263494e+00  -4.8628959e-01  -9.5867752e-01  -1.2795017e+00   9.2277896e-01  -2.4339066e-01
   2.0000000e+00  -2.0022978e-01  -3.9461419e-01   1.1670894e+00  -2.9321536e-01   1.9502356e+00   1.9006577e+00  -4.1414227e-01   3.8760776e-01   6.8651486e-01  -1.7535573e-01
   2.0000000e+00  -1.6201428e+00  -1.7172855e+00  -9.1951625e-01   7.6155763e-01   1.7633279e+00   8.4032185e-01  -7.8445790e-01  -5.6895135e-01  -1.1990186e+00   2.1338223e+00
   2.0000000e+00  -2.0018207e+00   1.2310114e-01   1.7919911e+00   2.5609784e-01  -6.5507197e-01   1.4835159e+00  -4.9878546e-01   6.8758084e-01  -1.6682266e+00   2.6171663e-01
   2.0000000e+00  -4.2609078e-01  -2.1574969e+00   5.6373846e-01  -1.1729452e+00   1.1984379e+00   1.5141957e-01   4.8428331e-01   1.5068421e+00   1.2194700e-01  -9.8182372e-01
   2.0000000e+00   1.5635068e+00  -5.9371240e-01  -6.4015651e-01  -2.5877958e+00  -8.0198118e-01   7.9973447e-01   1.2005409e+00   2.2048799e-01   1.2360499e-01  -1.1360481e+00
   2.0000000e+00  -4.9716876e-01  -8.9773802e-01  -1.7734453e+00   1.4762732e+00   1.2375661e+00   3.4960353e-01   8.7175560e-01  -2.5695990e-01  -2.6640520e-01   6.0111157e-01
   2.0000000e+00  -7.9911902e-01  -7.4448174e-01  -8.3131179e-01   2.3549795e-01   1.4078752e+00  -1.8866217e+00  -1.0969142e+00   2.5615943e+00   1.2401454e+00  -6.8352265e-01
   2.0000000e+00   1.5599375e+00   4.6989015e-01   1.8136663e+00  -6.9912549e-01  -1.0937894e+00   4.7601765e-01   6.8702679e-01  -1.5966055e-01  -1.2321238e-01   2.0462201e-01
   2.0000000e+00  -2.1722207e-01   6.7886349e-01   1.0879068e+00  -1.6709774e+00  -9.4530920e-01  -4.4578479e-03  -8.1090227e-01  -1.3329171e-01   2.7039678e-01   1.0516974e+00
   2.0000000e+00   5.7226850e-01   4.8401651e-02   1.2270124e+00   1.0952452e+00   9.0985453e-02  -6.4886602e-01   1.1764380e+00   1.4157717e+00   1.0738311e+00  -5.0556988e-01
   1.0000000e+00   2.0427783e+00  -1.2325290e+00   5.2930314e-01  -1.2382911e-01  -1.2806535e+00   5.5498271e-01  -8.2770970e-02   1.2020355e+00   1.3363052e+00  -6.9444762e-02
   2.0000000e+00  -9.7639526e-01   4.4207736e-01   1.9430369e+00  -1.2340598e+00   1.1493386e+00  -2.1868470e+00  -9.5810955e-01  -9.9573731e-01   1.3121404e+00   5.6570187e-01
   1.0000000e+00  -1.3289816e-02  -3.5229332e-01   5.3983263e-01   2.4509026e-01  -5.8489574e-02  -1.9754669e-01   1.2828276e+00  -3.8173915e-01  -6.4325778e-01  -6.9950962e-01
   2.0000000e+00   1.1150394e+00   6.9485404e-01   1.0068925e+00   1.1728951e-01  -1.0817531e+00   2.0719483e-01  -1.4237031e+00   2.0588199e+00  -9.3624350e-01   1.6452704e+00
   1.0000000e+00  -1.5708730e+00  -3.6275085e-01   8.3668160e-02   2.0550106e+00  -3.2637052e-01  -1.2197502e+00  -2.0262066e+00   1.0813767e+00   2.4712090e+00   6.7193892e-01
   2.0000000e+00  -4.6391973e-01   1.8255601e-01  -7.2185022e-01   1.3287631e+00   1.6742219e+00  -1.3924380e+00  -2.0504939e-01  -6.2027819e-01   4.8218377e-01  -4.8687475e-01
   2.0000000e+00   2.1722383e+00   2.1124395e+00  -3.4858132e-01  -8.7873420e-01  -8.6078673e-01   4.4530719e-01  -8.0894302e-02   7.7572902e-01   9.5025817e-02   1.3957131e+00
   2.0000000e+00   3.6511793e-01  -7.8904152e-01   5.9093890e-02  -5.7057248e-01  -2.2139034e+00   8.2664345e-01  -1.8482972e+00  -1.4472038e+00  -6.5180389e-01  -1.1008501e+00
   2.0000000e+00   6.9916147e-01  -8.4568612e-01   1.0584861e+00  -1.4383845e+00  -2.1613251e-01  -4.9278012e-01  -1.6960035e-01   1.1288369e+00  -1.4769313e-01   7.0186565e-01
   2.0000000e+00  -1.2181829e+00  -4.3674539e-01  -8.8711733e-01  -1.1728824e+00   1.2678945e+00   6.7462227e-01  -3.9933279e-01   1.6378428e-01  -2.2079479e-02  -6.0864783e-01
   2.0000000e+00  -9.6961580e-01  -1.6722381e+00   1.4016913e+00   6.4787751e-02  -1.0822038e+00   2.6238429e-01   2.6723309e+00   3.5135919e-02  -1.7984496e-01   1.0183651e+00
   2.0000000e+00   1.4453702e+00  -1.1594194e+00  -8.1423280e-01   4.2065551e-01  -7.0581251e-01  -8.5227636e-01  -1.5605811e+00  -1.2757371e+00  -1.0517608e+00  -8.6603923e-01
   2.0000000e+00   9.8096242e-01  -1.2369305e+00  -5.1424894e-01  -3.2134617e-01  -4.3184881e-02   9.3247470e-02   2.5098408e-01  -3.2985097e-01   2.2676327e-01  -7.0422469e-01
   1.0000000e+00  -9.3374032e-01  -1.2762993e+00   9.7021461e-02   5.3673541e-01   2.6604383e+00  -1.7336485e+00  -7.6897193e-01  -7.4885327e-01  -2.0243558e+00  -3.3964876e-01
   2.0000000e+00   9.0891157e-01   1.2550606e+00   3.3978306e-01   8.7627509e-03   1.9409824e-01   2.7893189e-01   1.8717351e+00   1.5076826e+00  -6.9913371e-01  -9.8670646e-01
   2.0000000e+00   5.2053800e-01   1.0467431e+00   2.6434901e-03  -8.3290881e-01   2.0274824e-01  -6.9548364e-01   2.0872256e+00   7.8319927e-01   1.7489703e+00   9.8904086e-01
   2.0000000e+00   1.0325030e-02  -1.8307658e-02   2.2068174e+00   3.4309589e-01   7.8790384e-01  -1.3923936e+00   2.6216340e-01  -6.8900384e-01  -2.1918636e-01   2.0044171e+00
   2.0000000e+00  -1.8475776e-01   2.2598334e-01   2.1868927e+00  -7.6335728e-01   2.0364108e+00  -1.1326764e+00  -7.9780448e-02   7.0231841e-01   1.2139496e+00   7.2126651e-01
   2.0000000e+00   1.1553641e+00  -1.9431834e-01   6.4006253e-01   5.1753279e-01  -2.2174229e-01   2.6492413e-02  -2.8150945e-01  -1.1425868e-01   1.2973637e+00   1.4031491e+00
   2.0000000e+00  -2.0175276e+00  -7.8238526e-01   1.0907986e+00  -1.1494326e+00  -8.6973433e-01  -1.4311286e-01  -1.4646221e+00   2.8592638e-02   2.0249939e+00  -5.9136787e-01
   2.0000000e+00  -8.6470433e-01   5.0169621e-01  -7.7722176e-01  -1.1152161e+00   2.1869063e-01   9.4706180e-01   9.9544031e-01   1.5840138e+00   5.2801210e-01   1.3755023e-01
   2.0000000e+00   2.7678026e+00  -2.1129134e+00   5.4149017e-01  -4.5174138e-02  -2.1300619e-01   1.4653736e+00  -4.1836500e-01  -2.2886999e-02  -1.5391616e-01   3.4307570e-01
   2.0000000e+00  -7.3900373e-01   1.8487713e-01  -1.3049019e+00   1.3472298e+00   1.6181525e+00   2.7541277e+00  -3.6142520e-01  -1.3380741e+00   3.3020449e-01   6.7098439e-01
   2.0000000e+00  -7.0213059e-01  -1.4660859e+00  -1.4513000e+00   2.5742261e-01   5.5699763e-01   2.0207186e+00  -3.3651189e-01  -6.2975217e-01   6.0684080e-01  -6.2677460e-02
   2.0000000e+00   2.3971687e-01  -1.0042059e+00  -9.6346797e-02  -5.0454221e-01  -9.9661758e-01  -1.5525590e+00  -3.1903506e-01   5.4234771e-01  -1.1671905e+00   8.7626181e-01
   2.0000000e+00   5.5606544e-01   6.3475384e-01  -2.1060207e+00   3.0525505e-01   2.9435045e-01  -2.8337116e-02   6.1616159e-01  -1.3702967e+00  -2.0105870e+00  -1.6960165e+00
   2.0000000e+00  -6.2683367e-01  -6.0690288e-01  -5.0971350e-01   1.7540489e+00   4.9649381e-01   1.6073804e+00   1.2078565e+00   1.9421797e-01  -6.0758266e-01   6.2779990e-01
   2.0000000e+00   4.7232402e-01   1.8087674e+00   1.6008911e+00   5.9380764e-01   1.0530486e+00  -1.9863154e+00  -2.0755525e+00   4.7693962e-01  -6.7673411e-01  -9.0724539e-01
   2.0000000e+00  -4.0044528e-01  -9.6038917e-01   2.9201632e-01  -3.1524999e-01  -1.2920627e+00   7.8013631e-01   9.3452148e-01  -6.5938018e-01  -1.3405709e+00  -1.6724429e+00
   2.0000000e+00  -6.3999504e-01   8.1809801e-01   6.9836888e-01   1.1145413e+00  -1.2874767e+00  -3.0256826e-01   9.0229523e-01  -5.4599664e-01   1.1596854e+00   6.7975942e-01
   1.0000000e+00  -1.7202825e+00  -1.2125269e+00   7.2497963e-01  -1.2517335e+00   8.9718719e-01  -2.7630652e-01   8.3366999e-01  -4.7666026e-01  -1.2880423e+00  -4.3290545e-01
   1.0000000e+00   1.1261787e+00  -1.0656037e+00   1.3341775e-01  -6.9842257e-01   1.5460677e+00   1.2715664e+00   1.0681905e+00  -1.2005742e+00   2.0423124e-01   2.0224247e-01
